3894	
287	481	582	729	857	962	983	1107	1150	1251	1353	1884	1934	1967	2173	2238	2253	2359	2435	2529	2547	3195	3210	3343	3366	3415	3905	
558	852	2157	2322	
979	983	1000	1317	1487	2001	2939	3147	3475	3600	
777	962	1266	1703	1991	2342	3234	3537	
409	751	870	1829	2182	2614	3000	3038	3404	3631	3703	3733	3747	
312	944	1035	1091	1675	2447	2613	3107	3237	
223	1053	1266	1968	2114	2418	2546	2629	2707	2990	3031	3126	
352	851	985	1685	2947	
780	1939	2203	2702	3866	3918	
130	574	633	1389	1602	1614	2086	2469	3795	
73	489	736	1458	1702	2235	2280	3031	3593	3766	
3475	3732	3741	
23	154	520	523	670	1174	1245	1361	1409	2493	2814	3013	3633	
411	436	764	2337	2732	3247	3575	3733	

47	142	198	267	505	713	905	1311	1440	2066	2078	2635	3186	3333	3506	3579	3745	
2352	2717	3450	3528	
146	433	532	1147	1307	3349	3885	

2839	3058	3528	3535	3715	
305	411	479	633	693	810	1055	1338	1561	1587	1596	1827	1938	2047	2127	2233	2243	2403	2406	2418	3018	3450	3470	3738	
402	1247	1563	2333	2970	3355	3607	
3241	3509	3690	
32	336	341	934	985	1309	1384	1824	2788	2808	3107	3149	3668	
808	2513	2641	3010	3595	3934	
1167	1313	1403	2204	2481	2594	2975	3245	3358	3423	3704	
213	405	2235	2606	3560	
299	583	2301	2792	3794	
317	381	669	675	1567	2272	3052	3105	
238	553	718	738	868	1079	1349	1606	1935	2080	2320	2892	2950	3788	3844	3870	
916	1592	2064	3031	3838	
777	2803	
585	764	802	1116	1657	2260	2966	3931	
354	817	2003	2102	2560	2753	3599	3763	
109	1569	1711	1746	2473	
3230	3251	3888	
22	356	443	950	985	1134	1602	2086	2560	2570	2955	3081	3171	3251	3315	3327	3504	3550	
551	1091	1401	2515	3171	3213	3291	3550	3715	3842	
177	1395	3506	3749	3785	
106	438	1470	2179	2459	3570	
67	238	890	1484	1530	1591	1602	1805	2093	2309	2731	2762	2860	3237	3373	3554	3753	
280	545	723	1075	1303	2176	3077	3609	
231	301	1564	1679	1803	2395	3355	3618	3759	
87	327	702	753	1886	3381	
101	169	177	341	484	605	625	673	843	1507	1664	1760	1829	2157	2298	2636	2968	3147	3239	3347	3350	3489	3854	3889	3941	
193	324	1205	2407	3780	
164	1638	2520	2911	3540	
2893	3285	3722	3751	3918	
52	222	563	809	874	2611	2673	2998	3363	3397	3759	
1456	1869	3684	
2604	2699	
285	1208	1643	1664	1879	2037	2041	2147	2149	2604	3439	3766	
38	663	839	965	1200	1651	2299	2896	3063	3575	3631	
507	583	1487	2437	3630	
1057	1359	1652	2595	2894	
372	1213	1664	2621	2703	2792	2960	3107	3189	
450	462	712	1099	1185	1426	1592	2066	2129	2188	2595	2696	3663	3678	3744	
154	1840	2544	2605	3395	
121	713	835	1231	1302	1406	1471	1800	1899	1956	2000	2333	2510	2774	3475	3602	
424	3101	3285	3442	3548	3695	
781	1450	1617	2162	2659	2890	3128	3213	3397	
543	1520	2659	
186	280	1659	1848	2099	2597	2731	3548	3747	
1975	2158	2617	3230	3464	3563	3874	
1341	1872	1934	2059	2753	
220	336	342	446	680	1367	1399	1475	1479	1652	1826	2208	2651	2814	2858	3433	3621	
470	1138	1995	3299	
1271	1515	1697	1868	2091	2759	3013	3174	
583	677	977	985	1028	1643	2357	2466	3656	
1357	3611	
1617	1664	2335	2793	3434	3710	3891	3913	
295	1007	2376	2679	3142	3479	3487	3657	3823	3843	
479	736	766	1509	2158	2205	2414	2611	2760	2835	3186	3792	3834	3934	
1355	1549	1608	1929	1958	1974	1989	2023	2031	2046	2061	2116	2119	2138	2156	2158	2178	2466	2972	
2828	2922	2942	3374	3397	
157	198	315	343	693	1175	1606	2191	2247	2273	2328	2431	3042	3116	3118	3475	3599	
47	165	215	386	484	639	771	822	1127	1379	1529	1720	1742	1907	2134	2156	2345	2458	2911	2985	2989	3114	3293	3480	3577	3933	3946	
1239	1614	2301	3275	3302	3734	3964	
314	381	879	1248	1286	1290	1857	2007	2086	2420	2727	3098	3158	
973	2096	2678	3242	
33	251	466	489	3355	3405	3601	3689	
763	1241	1543	1729	3258	3271	3477	3767	
98	957	1175	1879	2069	2746	2830	3031	3925	
49	190	268	553	661	868	1457	2391	2458	2595	3038	3699	
70	1104	1354	1596	3263	3603	
693	1872	2203	2735	3355	
436	806	1969	2144	2826	3006	3262	3495	

443	1121	1399	1659	1729	2007	2034	2433	2896	3755	
3795	
315	433	1427	1965	2728	2931	3762	
383	533	1041	1628	2091	3132	
552	736	1071	1606	1651	1860	2296	2342	2372	2388	2459	2890	
2893	
583	693	925	929	948	985	1134	1401	1913	1917	1941	1945	1949	1953	1957	1961	2041	2045	2049	2053	2057	2087	2225	2253	2265	2273	2277	2345	2525	2604	2723	2844	2870	3183	3276	3480	3501	3734	3902	
154	211	683	1142	1358	1539	1561	1694	2140	2149	2171	2214	2237	2247	2281	2322	2339	2379	2382	2397	2409	2435	2461	3151	3540	3812	3856	
678	939	1909	3042	3433	
450	542	695	1091	2664	3171	3273	3306	3402	3436	3575	
100	903	1040	1390	1558	1705	2250	2493	2643	2663	3285	3555	3600	
363	370	489	675	763	846	1031	1319	1953	2397	2527	2643	2792	3311	3487	
2896	3010	
551	1651	2120	2345	2769	2990	
370	1067	1201	1751	1824	1873	2808	2911	3921	3959	3965	
712	1105	2312	
1334	1958	2011	2160	
702	3279	3611	3812	
60	256	265	304	452	985	1238	1408	2363	2376	2419	2772	3245	3264	3380	
978	1245	2090	2286	2330	3533	3682	3964	
183	870	2335	2495	3013	
563	1062	1338	1550	1851	2826	3323	3338	3633	3829	3967	
195	2823	3247	3321	3684	
504	777	1040	1674	2440	2890	3287	
977	1357	1401	1675	2525	
653	977	1657	1819	2011	2277	3276	
838	1470	1956	2252	3079	3292	3566	3613	3628	3658	3819	
2568	2574	2634	2678	2893	2913	2928	3133	3324	3383	3397	3405	3428	3441	3618	3695	3926	
127	272	301	333	493	1046	1122	1269	1337	1358	1362	1491	1530	1889	2007	2022	2051	2323	2835	2989	3326	3437	3566	3603	3671	3867	3955	
383	2259	2615	3018	3457	
176	235	300	352	457	1037	1290	1396	1470	1569	1592	1672	1810	1835	1860	1994	2070	2116	2363	2557	2666	2674	2686	2943	2980	3021	3045	3149	3194	3297	3628	3667	3680	
28	82	149	764	868	962	1034	1065	1334	1416	1474	1558	1907	1933	2087	2118	2291	2333	2517	2854	2929	3146	3166	3314	3509	3565	3602	3908	3913	
230	439	830	1044	1079	1158	1425	2893	3586	3734	
184	394	727	1324	1723	1782	1915	2423	2483	3600	3617	
247	1082	1182	1200	1211	1291	1417	1571	1731	1986	1995	2115	2489	2691	2699	2760	3089	3251	
127	1478	1984	2078	2319	3788	
233	511	640	676	868	952	1170	1193	1591	1731	1798	1834	1886	1944	1945	2025	2355	2742	2953	3039	3132	3161	3275	3607	3663	3816	
372	
